Województwo;Powiat/Miasto;Liczba;Liczba na 10 tys. mieszkañców;Wszystkie przypadki œmiertelne;Przypadki œmiertelne w wyniku Covid;Przypadki œmiertelne w wyniku chorób wspó³istniej¹cych;id
Ca³y kraj;;15362;4,01;674;152;522;t0000
dolnoœl¹skie;boles³awiecki;70;7,78;2;1;1;t0201
dolnoœl¹skie;dzier¿oniowski;4;0,4;1;1;0;t0202
dolnoœl¹skie;g³ogowski;23;2,59;1;0;1;t0203
dolnoœl¹skie;górowski;8;2,31;0;0;0;t0204
dolnoœl¹skie;jaworski;23;4,61;5;5;0;t0205
dolnoœl¹skie;jeleniogórski;29;4,57;3;0;3;t0206
dolnoœl¹skie;kamiennogórski;9;2,09;0;0;0;t0207
dolnoœl¹skie;k³odzki;6;0,38;0;0;0;t0208
dolnoœl¹skie;legnicki;24;4,35;1;0;1;t0209
dolnoœl¹skie;lubañski;8;1,48;1;0;1;t0210
dolnoœl¹skie;lubiñski;48;4,52;0;0;0;t0211
dolnoœl¹skie;lwówecki;23;5,03;0;0;0;t0212
dolnoœl¹skie;milicki;4;1,08;0;0;0;t0213
dolnoœl¹skie;oleœnicki;18;1,68;2;2;0;t0214
dolnoœl¹skie;o³awski;9;1,17;1;1;0;t0215
dolnoœl¹skie;polkowicki;24;3,8;1;1;0;t0216
dolnoœl¹skie;strzeliñski;11;2,53;0;0;0;t0217
dolnoœl¹skie;œredzki;27;4,88;4;4;0;t0218
dolnoœl¹skie;œwidnicki;19;1,21;3;1;2;t0219
dolnoœl¹skie;trzebnicki;24;2,81;2;2;0;t0220
dolnoœl¹skie;wa³brzyski;10;1,8;0;0;0;t0221
dolnoœl¹skie;wo³owski;8;1,71;0;0;0;t0222
dolnoœl¹skie;wroc³awski;33;2,14;0;0;0;t0223
dolnoœl¹skie;z¹bkowicki;6;0,93;0;0;0;t0224
dolnoœl¹skie;zgorzelecki;35;3,94;3;0;3;t0225
dolnoœl¹skie;z³otoryjski;10;2,31;0;0;0;t0226
dolnoœl¹skie;Jelenia Góra;55;6,98;1;1;0;t0261
dolnoœl¹skie;Legnica;37;3,73;3;0;3;t0262
dolnoœl¹skie;Wroc³aw;202;3,14;0;0;0;t0264
dolnoœl¹skie;Wa³brzych;18;1,63;3;2;1;t0265
kujawsko-pomorskie;aleksandrowski;34;6,18;0;0;0;t0401
kujawsko-pomorskie;brodnicki;58;7,33;4;0;4;t0402
kujawsko-pomorskie;bydgoski;76;6,36;0;0;0;t0403
kujawsko-pomorskie;che³miñski;53;10,23;3;1;2;t0404
kujawsko-pomorskie;golubsko-dobrzyñski;5;1,11;1;1;0;t0405
kujawsko-pomorskie;grudzi¹dzki;38;9,45;1;0;1;t0406
kujawsko-pomorskie;inowroc³awski;86;5,4;0;0;0;t0407
kujawsko-pomorskie;lipnowski;39;5,95;0;0;0;t0408
kujawsko-pomorskie;mogileñski;17;3,74;0;0;0;t0409
kujawsko-pomorskie;nakielski;56;6,49;0;0;0;t0410
kujawsko-pomorskie;radziejowski;15;3,73;1;0;1;t0411
kujawsko-pomorskie;rypiñski;17;3,92;0;0;0;t0412
kujawsko-pomorskie;sêpoleñski;26;6,35;0;0;0;t0413
kujawsko-pomorskie;œwiecki;78;7,88;0;0;0;t0414
kujawsko-pomorskie;toruñski;65;5,97;1;0;1;t0415
kujawsko-pomorskie;tucholski;36;7,45;0;0;0;t0416
kujawsko-pomorskie;w¹brzeski;26;7,62;0;0;0;t0417
kujawsko-pomorskie;w³oc³awski;65;7,57;0;0;0;t0418
kujawsko-pomorskie;¿niñski;20;2,85;0;0;0;t0419
kujawsko-pomorskie;Bydgoszcz;198;5,71;16;7;9;t0461
kujawsko-pomorskie;Grudzi¹dz;81;8,61;1;0;1;t0462
kujawsko-pomorskie;Toruñ;152;7,56;5;2;3;t0463
kujawsko-pomorskie;W³oc³awek;80;7,32;2;2;0;t0464
lubelskie;bialski;70;6,34;5;1;4;t0601
lubelskie;bi³gorajski;46;4,57;3;0;3;t0602
lubelskie;che³mski;37;4,76;4;0;4;t0603
lubelskie;hrubieszowski;32;5,12;10;0;10;t0604
lubelskie;janowski;20;4,4;1;0;1;t0605
lubelskie;krasnostawski;29;4,61;1;0;1;t0606
lubelskie;kraœnicki;26;2,73;1;0;1;t0607
lubelskie;lubartowski;18;2,04;6;0;6;t0608
lubelskie;lubelski;54;3,46;0;0;0;t0609
lubelskie;³êczyñski;22;3,84;0;0;0;t0610
lubelskie;³ukowski;14;1,31;4;0;4;t0611
lubelskie;opolski;4;0,68;0;0;0;t0612
lubelskie;parczewski;4;1,16;0;0;0;t0613
lubelskie;pu³awski;15;1,33;3;0;3;t0614
lubelskie;radzyñski;4;0,68;0;0;0;t0615
lubelskie;rycki;19;3,4;1;0;1;t0616
lubelskie;œwidnicki;96;13,38;1;0;1;t0617
lubelskie;tomaszowski;41;4,98;4;0;4;t0618
lubelskie;w³odawski;2;0,52;0;0;0;t0619
lubelskie;zamojski;33;3,12;1;0;1;t0620
lubelskie;Bia³a Podlaska;68;11,89;4;2;2;t0661
lubelskie;Che³m;52;8,44;2;0;2;t0662
lubelskie;Lublin;194;5,71;0;0;0;t0663
lubelskie;Zamoœæ;32;5,06;1;0;1;t0664
lubuskie;gorzowski;36;5;0;0;0;t0801
lubuskie;kroœnieñski;23;4,2;2;0;2;t0802
lubuskie;miêdzyrzecki;21;3,66;0;0;0;t0803
lubuskie;nowosolski;19;2,21;2;1;1;t0804
lubuskie;s³ubicki;39;8,32;0;0;0;t0805
lubuskie;strzelecko-drezdenecki;8;1,64;1;1;0;t0806
lubuskie;sulêciñski;23;6,55;0;0;0;t0807
lubuskie;œwiebodziñski;56;10,06;0;0;0;t0808
lubuskie;zielonogórski;41;5,42;0;0;0;t0809
lubuskie;¿agañski;40;5,09;0;0;0;t0810
lubuskie;¿arski;44;4,59;3;0;3;t0811
lubuskie;wschowski;2;0,52;0;0;0;t0812
lubuskie;Gorzów Wielkopolski;80;6,49;0;0;0;t0861
lubuskie;Zielona Góra;72;5,1;0;0;0;t0862
³ódzkie;be³chatowski;40;3,55;0;0;0;t1001
³ódzkie;kutnowski;36;3,75;2;0;2;t1002
³ódzkie;³aski;9;1,81;0;0;0;t1003
³ódzkie;³êczycki;32;6,46;0;0;0;t1004
³ódzkie;³owicki;7;0,9;0;0;0;t1005
³ódzkie;³ódzki wschodni;32;4,42;2;1;1;t1006
³ódzkie;opoczyñski;13;1,71;0;0;0;t1007
³ódzkie;pabianicki;105;8,81;16;3;13;t1008
³ódzkie;pajêczañski;3;0,59;0;0;0;t1009
³ódzkie;piotrkowski;28;3,06;0;0;0;t1010
³ódzkie;poddêbicki;10;2,44;0;0;0;t1011
³ódzkie;radomszczañski;22;1,96;2;0;2;t1012
³ódzkie;rawski;10;2,06;0;0;0;t1013
³ódzkie;sieradzki;76;6,48;0;0;0;t1014
³ódzkie;skierniewicki;7;1,83;0;0;0;t1015
³ódzkie;tomaszowski;26;2,24;25;14;11;t1016
³ódzkie;wieluñski;21;2,76;0;0;0;t1017
³ódzkie;wieruszowski;10;2,38;0;0;0;t1018
³ódzkie;zduñskowolski;19;2,87;0;0;0;t1019
³ódzkie;zgierski;65;3,91;0;0;0;t1020
³ódzkie;brzeziñski;10;3,25;0;0;0;t1021
³ódzkie;£ódŸ;367;5,42;13;6;7;t1061
³ódzkie;Piotrków Trybunalski;30;4,12;0;0;0;t1062
³ódzkie;Skierniewice;32;6,68;0;0;0;t1063
ma³opolskie;bocheñski;43;4,02;3;0;3;t1201
ma³opolskie;brzeski;17;1,83;2;0;2;t1202
ma³opolskie;chrzanowski;67;5,39;2;2;0;t1203
ma³opolskie;d¹browski;17;2,87;0;0;0;t1204
ma³opolskie;gorlicki;46;4,23;0;0;0;t1205
ma³opolskie;krakowski;139;4,96;9;5;4;t1206
ma³opolskie;limanowski;13;0,98;2;1;1;t1207
ma³opolskie;miechowski;7;1,44;2;2;0;t1208
ma³opolskie;myœlenicki;34;2,66;2;0;2;t1209
ma³opolskie;nowos¹decki;31;1,43;5;4;1;t1210
ma³opolskie;nowotarski;5;0,26;10;0;10;t1211
ma³opolskie;olkuski;35;3,16;7;0;7;t1212
ma³opolskie;oœwiêcimski;16;1,04;1;0;1;t1213
ma³opolskie;proszowicki;9;2,09;1;0;1;t1214
ma³opolskie;suski;18;2,14;1;0;1;t1215
ma³opolskie;tarnowski;35;1,74;6;0;6;t1216
ma³opolskie;tatrzañski;4;0,59;1;0;1;t1217
ma³opolskie;wadowicki;46;2,88;13;0;13;t1218
ma³opolskie;wielicki;32;2,46;0;0;0;t1219
ma³opolskie;Kraków;272;3,48;15;12;3;t1261
ma³opolskie;Nowy S¹cz;17;2,03;2;2;0;t1262
ma³opolskie;Tarnów;30;2,77;2;0;2;t1263
mazowieckie;bia³obrzeski;3;0,9;1;0;1;t1401
mazowieckie;ciechanowski;29;3,25;2;0;2;t1402
mazowieckie;garwoliñski;14;1,29;3;1;2;t1403
mazowieckie;gostyniñski;9;2,01;0;0;0;t1404
mazowieckie;grodziski;52;5,38;2;0;2;t1405
mazowieckie;grójecki;19;1,94;1;0;1;t1406
mazowieckie;kozienicki;12;2,01;0;0;0;t1407
mazowieckie;legionowski;22;1,84;0;0;0;t1408
mazowieckie;lipski;5;1,48;0;0;0;t1409
mazowieckie;³osicki;5;1,63;3;0;3;t1410
mazowieckie;makowski;3;0,67;1;0;1;t1411
mazowieckie;miñski;52;3,36;1;1;0;t1412
mazowieckie;m³awski;13;1,79;3;0;3;t1413
mazowieckie;nowodworski;23;2,9;1;0;1;t1414
mazowieckie;ostro³êcki;9;1,02;1;0;1;t1415
mazowieckie;ostrowski;33;4,58;1;0;1;t1416
mazowieckie;otwocki;52;4,18;0;0;0;t1417
mazowieckie;piaseczyñski;75;3,96;3;0;3;t1418
mazowieckie;p³ocki;46;4,15;3;0;3;t1419
mazowieckie;p³oñski;48;5,53;2;0;2;t1420
mazowieckie;pruszkowski;135;8,11;6;0;6;t1421
mazowieckie;przasnyski;22;4,2;5;1;4;t1422
mazowieckie;przysuski;3;0,73;0;0;0;t1423
mazowieckie;pu³tuski;1;0,19;1;0;1;t1424
mazowieckie;radomski;40;2,63;1;1;0;t1425
mazowieckie;siedlecki;4;0,49;1;0;1;t1426
mazowieckie;sierpecki;7;1,35;2;0;2;t1427
mazowieckie;sochaczewski;44;5,18;1;0;1;t1428
mazowieckie;soko³owski;12;2,24;2;0;2;t1429
mazowieckie;szyd³owiecki;6;1,52;0;0;0;t1430
mazowieckie;warszawski zachodni;57;4,77;1;0;1;t1432
mazowieckie;wêgrowski;12;1,83;2;0;2;t1433
mazowieckie;wo³omiñski;86;3,42;4;0;4;t1434
mazowieckie;wyszkowski;11;1,48;0;0;0;t1435
mazowieckie;zwoleñski;1;0,28;0;0;0;t1436
mazowieckie;¿uromiñski;3;0,78;1;0;1;t1437
mazowieckie;¿yrardowski;19;2,51;5;1;4;t1438
mazowieckie;Ostro³êka;5;0,96;0;0;0;t1461
mazowieckie;P³ock;40;3,36;9;0;9;t1462
mazowieckie;Radom;65;3,09;6;6;0;t1463
mazowieckie;Siedlce;4;0,51;3;0;3;t1464
mazowieckie;Warszawa;476;2,65;16;0;16;t1465
opolskie;brzeski;13;1,45;1;0;1;t1601
opolskie;g³ubczycki;42;9,27;5;0;5;t1602
opolskie;kêdzierzyñsko-kozielski;36;3,85;4;1;3;t1603
opolskie;kluczborski;19;2,91;4;0;4;t1604
opolskie;krapkowicki;38;5,98;2;0;2;t1605
opolskie;namys³owski;30;7,03;2;1;1;t1606
opolskie;nyski;71;5,24;10;0;10;t1607
opolskie;oleski;7;1,09;0;0;0;t1608
opolskie;opolski;57;4,6;4;0;4;t1609
opolskie;prudnicki;36;6,53;2;0;2;t1610
opolskie;strzelecki;47;6,34;1;0;1;t1611
opolskie;Opole;63;4,92;4;0;4;t1661
podkarpackie;bieszczadzki;7;3,24;1;0;1;t1801
podkarpackie;brzozowski;12;1,83;0;0;0;t1802
podkarpackie;dêbicki;24;1,77;3;0;3;t1803
podkarpackie;jaros³awski;45;3,75;4;0;4;t1804
podkarpackie;jasielski;15;1,32;8;0;8;t1805
podkarpackie;kolbuszowski;9;1,45;0;0;0;t1806
podkarpackie;kroœnieñski;20;1,78;1;0;1;t1807
podkarpackie;le¿ajski;25;3,61;0;0;0;t1808
podkarpackie;lubaczowski;35;6,37;1;1;0;t1809
podkarpackie;³añcucki;54;6,65;3;0;3;t1810
podkarpackie;mielecki;28;2,05;0;0;0;t1811
podkarpackie;ni¿añski;19;2,86;0;0;0;t1812
podkarpackie;przemyski;17;2,3;1;0;1;t1813
podkarpackie;przeworski;12;1,53;0;0;0;t1814
podkarpackie;ropczycko-sêdziszowski;2;0,27;2;0;2;t1815
podkarpackie;rzeszowski;64;3,77;0;0;0;t1816
podkarpackie;sanocki;22;2,34;0;0;0;t1817
podkarpackie;stalowowolski;14;1,32;2;1;1;t1818
podkarpackie;strzy¿owski;15;2,45;2;1;1;t1819
podkarpackie;tarnobrzeski;18;3,4;0;0;0;t1820
podkarpackie;leski;2;0,76;1;0;1;t1821
podkarpackie;Krosno;10;2,17;2;0;2;t1861
podkarpackie;Przemyœl;10;1,65;2;0;2;t1862
podkarpackie;Rzeszów;104;5,28;2;0;2;t1863
podkarpackie;Tarnobrzeg;7;1,5;1;0;1;t1864
podlaskie;augustowski;40;6,91;1;0;1;t2001
podlaskie;bia³ostocki;81;5,39;1;0;1;t2002
podlaskie;bielski;37;6,84;1;0;1;t2003
podlaskie;grajewski;41;8,72;2;0;2;t2004
podlaskie;hajnowski;10;2,36;2;0;2;t2005
podlaskie;kolneñski;8;2,11;0;0;0;t2006
podlaskie;³om¿yñski;13;2,55;3;0;3;t2007
podlaskie;moniecki;23;5,71;0;0;0;t2008
podlaskie;sejneñski;11;5,55;0;0;0;t2009
podlaskie;siemiatycki;7;1,59;0;0;0;t2010
podlaskie;sokólski;7;1,06;0;0;0;t2011
podlaskie;suwalski;5;1,4;1;0;1;t2012
podlaskie;wysokomazowiecki;17;3;1;0;1;t2013
podlaskie;zambrowski;10;2,3;1;0;1;t2014
podlaskie;Bia³ystok;95;3,19;0;0;0;t2061
podlaskie;£om¿a;32;5,1;0;0;0;t2062
podlaskie;Suwa³ki;12;1,72;0;0;0;t2063
pomorskie;bytowski;23;2,91;2;2;0;t2201
pomorskie;chojnicki;29;2,97;0;0;0;t2202
pomorskie;cz³uchowski;14;2,5;4;4;0;t2203
pomorskie;gdañski;62;5,19;1;1;0;t2204
pomorskie;kartuski;56;3,98;6;6;0;t2205
pomorskie;koœcierski;22;3,02;1;1;0;t2206
pomorskie;kwidzyñski;90;10,84;0;0;0;t2207
pomorskie;lêborski;10;1,51;0;0;0;t2208
pomorskie;malborski;25;3,94;1;1;0;t2209
pomorskie;nowodworski;22;6,2;1;0;1;t2210
pomorskie;pucki;33;3,79;0;0;0;t2211
pomorskie;s³upski;61;6,18;0;0;0;t2212
pomorskie;starogardzki;12;0,94;0;0;0;t2213
pomorskie;tczewski;85;7,35;1;1;0;t2214
pomorskie;wejherowski;111;5,07;2;0;2;t2215
pomorskie;sztumski;15;3,65;1;1;0;t2216
pomorskie;Gdañsk;265;5,62;3;3;0;t2261
pomorskie;Gdynia;117;4,76;2;2;0;t2262
pomorskie;S³upsk;63;6,98;0;0;0;t2263
pomorskie;Sopot;11;3,09;0;0;0;t2264
œl¹skie;bêdziñski;53;3,59;0;0;0;t2401
œl¹skie;bielski;88;5,29;2;0;2;t2402
œl¹skie;cieszyñski;55;3,09;3;0;3;t2403
œl¹skie;czêstochowski;32;2,38;1;0;1;t2404
œl¹skie;gliwicki;78;6,75;0;0;0;t2405
œl¹skie;k³obucki;25;2,96;4;1;3;t2406
œl¹skie;lubliniecki;18;2,36;0;0;0;t2407
œl¹skie;miko³owski;37;3,73;0;0;0;t2408
œl¹skie;myszkowski;9;1,27;2;0;2;t2409
œl¹skie;pszczyñski;30;2,69;1;0;1;t2410
œl¹skie;raciborski;44;4,08;1;0;1;t2411
œl¹skie;rybnicki;37;4,73;2;0;2;t2412
œl¹skie;tarnogórski;93;6,61;0;0;0;t2413
œl¹skie;bieruñsko-lêdziñski;27;4,51;2;0;2;t2414
œl¹skie;wodzis³awski;45;2,87;1;0;1;t2415
œl¹skie;zawierciañski;43;3,67;1;0;1;t2416
œl¹skie;¿ywiecki;79;5,18;2;0;2;t2417
œl¹skie;Bielsko-Bia³a;92;5,4;1;0;1;t2461
œl¹skie;Bytom;69;4,2;1;0;1;t2462
œl¹skie;Chorzów;50;4,65;1;0;1;t2463
œl¹skie;Czêstochowa;84;3,83;5;0;5;t2464
œl¹skie;D¹browa Górnicza;27;2,27;0;0;0;t2465
œl¹skie;Gliwice;102;5,72;0;0;0;t2466
œl¹skie;Jastrzêbie-Zdrój;36;4,07;0;0;0;t2467
œl¹skie;Jaworzno;37;4,08;1;0;1;t2468
œl¹skie;Katowice;113;3,87;1;1;0;t2469
œl¹skie;Mys³owice;31;4,16;1;0;1;t2470
œl¹skie;Piekary Œl¹skie;29;5,29;0;0;0;t2471
œl¹skie;Ruda Œl¹ska;93;6,79;3;0;3;t2472
œl¹skie;Rybnik;55;3,99;5;1;4;t2473
œl¹skie;Siemianowice Œl¹skie;20;3;1;1;0;t2474
œl¹skie;Sosnowiec;89;4,47;7;0;7;t2475
œl¹skie;Œwiêtoch³owice;17;3,44;0;0;0;t2476
œl¹skie;Tychy;72;5,66;3;0;3;t2477
œl¹skie;Zabrze;94;5,47;1;0;1;t2478
œl¹skie;¯ory;38;6,06;0;0;0;t2479
œwiêtokrzyskie;buski;38;5,32;2;2;0;t2601
œwiêtokrzyskie;jêdrzejowski;9;1,06;0;0;0;t2602
œwiêtokrzyskie;kazimierski;2;0,6;0;0;0;t2603
œwiêtokrzyskie;kielecki;46;2,18;3;0;3;t2604
œwiêtokrzyskie;konecki;16;2,01;1;0;1;t2605
œwiêtokrzyskie;opatowski;24;4,63;4;4;0;t2606
œwiêtokrzyskie;ostrowiecki;31;2,86;3;0;3;t2607
œwiêtokrzyskie;piñczowski;18;4,65;1;0;1;t2608
œwiêtokrzyskie;sandomierski;6;0,78;0;0;0;t2609
œwiêtokrzyskie;skar¿yski;17;2,31;0;0;0;t2610
œwiêtokrzyskie;starachowicki;17;1,91;1;0;1;t2611
œwiêtokrzyskie;staszowski;9;1,26;0;0;0;t2612
œwiêtokrzyskie;w³oszczowski;6;1,34;1;1;0;t2613
œwiêtokrzyskie;Kielce;64;3,3;3;0;3;t2661
warmiñsko-mazurskie;bartoszycki;41;7,21;2;0;2;t2801
warmiñsko-mazurskie;braniewski;8;1,95;2;0;2;t2802
warmiñsko-mazurskie;dzia³dowski;20;3,08;5;0;5;t2803
warmiñsko-mazurskie;elbl¹ski;63;11,04;2;1;1;t2804
warmiñsko-mazurskie;e³cki;41;4,48;4;0;4;t2805
warmiñsko-mazurskie;gi¿ycki;13;2,3;0;0;0;t2806
warmiñsko-mazurskie;i³awski;77;8,3;2;1;1;t2807
warmiñsko-mazurskie;kêtrzyñski;18;2,9;0;0;0;t2808
warmiñsko-mazurskie;lidzbarski;52;12,67;1;0;1;t2809
warmiñsko-mazurskie;mr¹gowski;8;1,61;2;0;2;t2810
warmiñsko-mazurskie;nidzicki;17;5,19;0;0;0;t2811
warmiñsko-mazurskie;nowomiejski;11;2,51;3;1;2;t2812
warmiñsko-mazurskie;olecki;16;4,7;4;0;4;t2813
warmiñsko-mazurskie;olsztyñski;109;8,57;1;0;1;t2814
warmiñsko-mazurskie;ostródzki;43;4,14;4;0;4;t2815
warmiñsko-mazurskie;piski;6;1,07;1;1;0;t2816
warmiñsko-mazurskie;szczycieñski;33;4,76;0;0;0;t2817
warmiñsko-mazurskie;go³dapski;16;6,01;0;0;0;t2818
warmiñsko-mazurskie;wêgorzewski;8;3,55;0;0;0;t2819
warmiñsko-mazurskie;Elbl¹g;109;9,15;0;0;0;t2861
warmiñsko-mazurskie;Olsztyn;149;8,67;1;0;1;t2862
wielkopolskie;chodzieski;5;1,06;2;0;2;t3001
wielkopolskie;czarnkowsko-trzcianecki;46;5,3;0;0;0;t3002
wielkopolskie;gnieŸnieñski;41;2,82;2;0;2;t3003
wielkopolskie;gostyñski;10;1,32;4;0;4;t3004
wielkopolskie;grodziski;22;4,24;2;0;2;t3005
wielkopolskie;jarociñski;7;0,98;4;0;4;t3006
wielkopolskie;kaliski;15;1,81;0;0;0;t3007
wielkopolskie;kêpiñski;23;4,08;3;2;1;t3008
wielkopolskie;kolski;8;0,93;3;0;3;t3009
wielkopolskie;koniñski;16;1,23;2;0;2;t3010
wielkopolskie;koœciañski;11;1,39;1;0;1;t3011
wielkopolskie;krotoszyñski;18;2,33;0;0;0;t3012
wielkopolskie;leszczyñski;27;4,69;0;0;0;t3013
wielkopolskie;miêdzychodzki;3;0,82;0;0;0;t3014
wielkopolskie;nowotomyski;44;5,81;0;0;0;t3015
wielkopolskie;obornicki;25;4,18;1;0;1;t3016
wielkopolskie;ostrowski;42;2,6;1;0;1;t3017
wielkopolskie;ostrzeszowski;14;2,53;0;0;0;t3018
wielkopolskie;pilski;124;9,12;2;1;1;t3019
wielkopolskie;pleszewski;4;0,64;1;0;1;t3020
wielkopolskie;poznañski;253;6,27;12;0;12;t3021
wielkopolskie;rawicki;16;2,66;0;0;0;t3022
wielkopolskie;s³upecki;8;1,36;1;0;1;t3023
wielkopolskie;szamotulski;21;2,29;0;0;0;t3024
wielkopolskie;œredzki;23;3,9;1;1;0;t3025
wielkopolskie;œremski;5;0,81;4;0;4;t3026
wielkopolskie;turecki;11;1,31;2;0;2;t3027
wielkopolskie;w¹growiecki;17;2,42;3;1;2;t3028
wielkopolskie;wolsztyñski;19;3,3;0;0;0;t3029
wielkopolskie;wrzesiñski;60;7,68;0;0;0;t3030
wielkopolskie;z³otowski;70;10,1;2;0;2;t3031
wielkopolskie;Kalisz;26;2,61;1;0;1;t3061
wielkopolskie;Konin;10;1,37;1;0;1;t3062
wielkopolskie;Leszno;65;10,26;1;1;0;t3063
wielkopolskie;Poznañ;311;5,83;10;0;10;t3064
zachodniopomorskie;bia³ogardzki;37;7,8;0;0;0;t3201
zachodniopomorskie;choszczeñski;4;0,83;0;0;0;t3202
zachodniopomorskie;drawski;41;7,21;0;0;0;t3203
zachodniopomorskie;goleniowski;49;5,95;1;1;0;t3204
zachodniopomorskie;gryficki;21;3,5;0;0;0;t3205
zachodniopomorskie;gryfiñski;33;4,04;1;0;1;t3206
zachodniopomorskie;kamieñski;24;5,12;1;0;1;t3207
zachodniopomorskie;ko³obrzeski;34;4,28;3;0;3;t3208
zachodniopomorskie;koszaliñski;18;2,71;0;0;0;t3209
zachodniopomorskie;myœliborski;30;4,59;0;0;0;t3210
zachodniopomorskie;policki;66;8,13;1;0;1;t3211
zachodniopomorskie;pyrzycki;29;7,39;0;0;0;t3212
zachodniopomorskie;s³awieñski;16;2,86;0;0;0;t3213
zachodniopomorskie;stargardzki;81;6,74;1;1;0;t3214
zachodniopomorskie;szczecinecki;64;8,27;1;0;1;t3215
zachodniopomorskie;œwidwiñski;29;6,23;0;0;0;t3216
zachodniopomorskie;wa³ecki;21;3,97;2;0;2;t3217
zachodniopomorskie;³obeski;23;6,3;2;0;2;t3218
zachodniopomorskie;Koszalin;36;3,37;0;0;0;t3261
zachodniopomorskie;Szczecin;331;8,25;4;0;4;t3262
zachodniopomorskie;Œwinoujœcie;24;5,87;0;0;0;t3263
